234,6
234,4
234,3
234,1
233,6
233,4
233,3
233,1
231,5
231,4
231,3
231,1
230,4
230,1
228,14
228,12
228,7
228,6
228,4
228,3
228,1
227,4
227,3
227,1
225,10
225,9
225,8
225,3
225,1
224,5
224,4
224,3
224,1
223,4
223,3
223,1
222,3
222,1
220,3
220,1
10,304
219,3
10,22
219,1
10,69
218,4
10,148
218,3
10,5
218,1
10,113
10,133
213,3
10,154
213,1
10,2
211,3
10,3
211,1
206,3
11,14
11,12
206,1
11,9
205,3
11,8
205,1
11,15
204,3
11,7
204,1
11,2
203,3
11,3
203,1
202,3
9,5
202,1
9,2
201,3
9,3
201,1
132,3
132,1
8,7
8,4
8,5
131,3
8,14
131,1
130,3
130,1
129,3
129,1
128,3
128,1
127,3
127,1
126,3
126,1
125,3
125,1
124,3
124,1
123,3
123,1
20,3
20,2
20,1
19,2
14,11
14,10
19,1
14,9
12,3
12,2
19,3
12,1
11,30
11,23
11,21
11,11
11,1
